Webots Project File version R2023a
perspectives: 000000ff00000000fd00000002000000010000011c000002effc0200000001fb0000001400540065007800740045006400690074006f00720000000017000002ef0000003f00ffffff0000000300000780000000d9fc0100000001fb0000001a0043006f006e0073006f006c00650041006c006c0041006c006c0100000000000007800000006900ffffff00000780000002ef00000001000000020000000100000008fc00000000
simulationViewPerspectives: 000000ff0000000100000002000000fa000006840100000002010000000100
sceneTreePerspectives: 000000ff0000000100000003000001d6000000dd000000000100000002010000000200
maximizedDockId: -1
centralWidgetVisible: 1
orthographicViewHeight: 1
textFiles: -1
consoles: Console:All:All
renderingDevicePerspectives: robot:camera_l;1;0.895833;0;0
renderingDevicePerspectives: robot:range-finder;1;0.895833;0;0
